22 22
 9.9996871e-001
 1.0000000e+000
 1.0000000e+000
 1.0000000e+000
 1.0000000e+000
 1.0000000e+000
 1.0000000e+000
 1.0000000e+000
 1.0000000e+000
 1.0000000e+000
 1.0000000e+000
 1.0000000e+000
 1.0000000e+000
 1.0000000e+000
 1.0000000e+000
 1.0000000e+000
 1.0000000e+000
 1.0000000e+000
 1.0000000e+000
 1.0000000e+000
 1.0000000e+000
 1.0004669e+000
 1.0129241e+000
 1.0131807e+000
 1.0137178e+000
 1.0143676e+000
 1.0151761e+000
 1.0162077e+000
 1.0175519e+000
 1.0193272e+000
 1.0216820e+000
 1.0247926e+000
 1.0288540e+000
 1.0340662e+000
 1.0406115e+000
 1.0486207e+000
 1.0581094e+000
 1.0688423e+000
 1.0801374e+000
 1.0905960e+000
 1.0980655e+000
 1.1007787e+000
 1.1008822e+000
 1.1009363e+000
 1.0402054e+000
 1.0410314e+000
 1.0427475e+000
 1.0448468e+000
 1.0474819e+000
 1.0508710e+000
 1.0553081e+000
 1.0611681e+000
 1.0689034e+000
 1.0790269e+000
 1.0920800e+000
 1.1085846e+000
 1.1289772e+000
 1.1535063e+000
 1.1820474e+000
 1.2137154e+000
 1.2463504e+000
 1.2758081e+000
 1.2960411e+000
 1.3025215e+000
 1.3017906e+000
 1.3014097e+000
 1.0700901e+000
 1.0715766e+000
 1.0746458e+000
 1.0784367e+000
 1.0832468e+000
 1.0894903e+000
 1.0977048e+000
 1.1085464e+000
 1.1227688e+000
 1.1411805e+000
 1.1645817e+000
 1.1936796e+000
 1.2289791e+000
 1.2706176e+000
 1.3180436e+000
 1.3694115e+000
 1.4208795e+000
 1.4656765e+000
 1.4947076e+000
 1.5019583e+000
 1.4982470e+000
 1.4963193e+000
 1.1026902e+000
 1.1049311e+000
 1.1095314e+000
 1.1152917e+000
 1.1227071e+000
 1.1324408e+000
 1.1453104e+000
 1.1622603e+000
 1.1843085e+000
 1.2124696e+000
 1.2476555e+000
 1.2905587e+000
 1.3415020e+000
 1.4002022e+000
 1.4652834e+000
 1.5336437e+000
 1.5996891e+000
 1.6546154e+000
 1.6878133e+000
 1.6933401e+000
 1.6854603e+000
 1.6813807e+000
 1.1380742e+000
 1.1411635e+000
 1.1474721e+000
 1.1555282e+000
 1.1660998e+000
 1.1801560e+000
 1.1988152e+000
 1.2232751e+000
 1.2547176e+000
 1.2941941e+000
 1.3424954e+000
 1.4000090e+000
 1.4665271e+000
 1.5409294e+000
 1.6206055e+000
 1.7010708e+000
 1.7753887e+000
 1.8340302e+000
 1.8669485e+000
 1.8696079e+000
 1.8577920e+000
 1.8516942e+000
 1.1762543e+000
 1.1802852e+000
 1.1884766e+000
 1.1992285e+000
 1.2136803e+000
 1.2331554e+000
 1.2590462e+000
 1.2926897e+000
 1.3352289e+000
 1.3874696e+000
 1.4497381e+000
 1.5217248e+000
 1.6022537e+000
 1.6888762e+000
 1.7776752e+000
 1.8631151e+000
 1.9379318e+000
 1.9938486e+000
 2.0233567e+000
 2.0238006e+000
 2.0097687e+000
 2.0025501e+000
 1.2171751e+000
 1.2222414e+000
 1.2324901e+000
 1.2464488e+000
 1.2657410e+000
 1.2920504e+000
 1.3269218e+000
 1.3715857e+000
 1.4267979e+000
 1.4927024e+000
 1.5687084e+000
 1.6533443e+000
 1.7439619e+000
 1.8367805e+000
 1.9269594e+000
 2.0088525e+000
 2.0765107e+000
 2.1248696e+000
 2.1500638e+000
 2.1505632e+000
 2.1372404e+000
 2.1304078e+000
 1.2607052e+000
 1.2669051e+000
 1.2793936e+000
 1.2972254e+000
 1.3226085e+000
 1.3574901e+000
 1.4032817e+000
 1.4606726e+000
 1.5295169e+000
 1.6087621e+000
 1.6963876e+000
 1.7892654e+000
 1.8834329e+000
 1.9742939e+000
 2.0570276e+000
 2.1273789e+000
 2.1824141e+000
 2.2213018e+000
 2.2435989e+000
 2.2475290e+000
 2.2383430e+000
 2.2336462e+000
 1.3066300e+000
 1.3140715e+000
 1.3290001e+000
 1.3515650e+000
 1.3845868e+000
 1.4299865e+000
 1.4885138e+000
 1.5596629e+000
 1.6417311e+000
 1.7318690e+000
 1.8262062e+000
 1.9203328e+000
 2.0096431e+000
 2.0897894e+000
 2.1574411e+000
 2.2111309e+000
 2.2518201e+000
 2.2824783e+000
 2.3048337e+000
 2.3158669e+000
 2.3139136e+000
 2.3129177e+000
 1.3546474e+000
 1.3634502e+000
 1.3810402e+000
 1.4093941e+000
 1.4518007e+000
 1.5095618e+000
 1.5819377e+000
 1.6663783e+000
 1.7589103e+000
 1.8545771e+000
 1.9482437e+000
 2.0351150e+000
 2.1111717e+000
 2.1737790e+000
 2.2223427e+000
 2.2586386e+000
 2.2870767e+000
 2.3128669e+000
 2.3386006e+000
 2.3595889e+000
 2.3672028e+000
 2.3710730e+000
 1.4043639e+000
 1.4146496e+000
 1.4351236e+000
 1.4704357e+000
 1.5238841e+000
 1.5951581e+000
 1.6809052e+000
 1.7756983e+000
 1.8729938e+000
 1.9665300e+000
 2.0511057e+000
 2.1229436e+000
 2.1800508e+000
 2.2225289e+000
 2.2527187e+000
 2.2750356e+000
 2.2955942e+000
 2.3202512e+000
 2.3518510e+000
 2.3843994e+000
 2.4030035e+000
 2.4124331e+000
 1.4552902e+000
 1.4671504e+000
 1.4906671e+000
 1.5339954e+000
 1.5995193e+000
 1.6839229e+000
 1.7801425e+000
 1.8794361e+000
 1.9737123e+000
 2.0569720e+000
 2.1255124e+000
 2.1779561e+000
 2.2151084e+000
 2.2397287e+000
 2.2561843e+000
 2.2700653e+000
 2.2873290e+000
 2.3137107e+000
 2.3520641e+000
 2.3961332e+000
 2.4264481e+000
 2.4417691e+000
 1.5068383e+000
 1.5202709e+000
 1.5468001e+000
 1.5987073e+000
 1.6760241e+000
 1.7709152e+000
 1.8719220e+000
 1.9679937e+000
 2.0515382e+000
 2.1185157e+000
 2.1679921e+000
 2.2014790e+000
 2.2221353e+000
 2.2342608e+000
 2.2426929e+000
 2.2527106e+000
 2.2698114e+000
 2.2991982e+000
 2.3442044e+000
 2.3995514e+000
 2.4419215e+000
 2.4632714e+000
 1.5583308e+000
 1.5731510e+000
 1.6023009e+000
 1.6623784e+000
 1.7492772e+000
 1.8495407e+000
 1.9478526e+000
 2.0334880e+000
 2.1011829e+000
 2.1500144e+000
 2.1819873e+000
 2.2009528e+000
 2.2108407e+000
 2.2160771e+000
 2.2212417e+000
 2.2309322e+000
 2.2497289e+000
 2.2823472e+000
 2.3329353e+000
 2.3983424e+000
 2.4523606e+000
 2.4794941e+000
 1.6090704e+000
 1.6248302e+000
 1.6556950e+000
 1.7222103e+000
 1.8144445e+000
 1.9131476e+000
 2.0019598e+000
 2.0726981e+000
 2.1235709e+000
 2.1567090e+000
 2.1763127e+000
 2.1860559e+000
 2.1903279e+000
 2.1931906e+000
 2.1984029e+000
 2.2096615e+000
 2.2308388e+000
 2.2663352e+000
 2.3209889e+000
 2.3941643e+000
 2.4588954e+000
 2.4912956e+000
 1.6586609e+000
 1.6746364e+000
 1.7057801e+000
 1.7757088e+000
 1.8675413e+000
 1.9580361e+000
 2.0330393e+000
 2.0882056e+000
 2.1249671e+000
 2.1474378e+000
 2.1593370e+000
 2.1647902e+000
 2.1675205e+000
 2.1707454e+000
 2.1774573e+000
 2.1908615e+000
 2.2145307e+000
 2.2525415e+000
 2.3098605e+000
 2.3880787e+000
 2.4617345e+000
 2.4984491e+000
 1.7083236e+000
 1.7236742e+000
 1.7534523e+000
 1.8231902e+000
 1.9086275e+000
 1.9861840e+000
 2.0462308e+000
 2.0881262e+000
 2.1151550e+000
 2.1309080e+000
 2.1392660e+000
 2.1435764e+000
 2.1466506e+000
 2.1509783e+000
 2.1592281e+000
 2.1746013e+000
 2.2007005e+000
 2.2411375e+000
 2.3000114e+000
 2.3803020e+000
 2.4605384e+000
 2.5003252e+000
 1.7658790e+000
 1.7802184e+000
 1.8078862e+000
 1.8744844e+000
 1.9476138e+000
 2.0089331e+000
 2.0540886e+000
 2.0847378e+000
 2.1040993e+000
 2.1154895e+000
 2.1217942e+000
 2.1254513e+000
 2.1286449e+000
 2.1334610e+000
 2.1425591e+000
 2.1594002e+000
 2.1878808e+000
 2.2311268e+000
 2.2911954e+000
 2.3703096e+000
 2.4532955e+000
 2.4941564e+000
 1.8652692e+000
 1.8779513e+000
 1.9022790e+000
 1.9561356e+000
 2.0056746e+000
 2.0434167e+000
 2.0694323e+000
 2.0861492e+000
 2.0960364e+000
 2.1013467e+000
 2.1040392e+000
 2.1057751e+000
 2.1080763e+000
 2.1126814e+000
 2.1221333e+000
 2.1401224e+000
 2.1711233e+000
 2.2183118e+000
 2.2810099e+000
 2.3570950e+000
 2.4384880e+000
 2.4781544e+000
 2.1693587e+000
 2.1393650e+000
 2.0821948e+000
 2.0714555e+000
 2.0686512e+000
 2.0669012e+000
 2.0650532e+000
 2.0630658e+000
 2.0611837e+000
 2.0597405e+000
 2.0592365e+000
 2.0599453e+000
 2.0625808e+000
 2.0681775e+000
 2.0785341e+000
 2.0966780e+000
 2.1270695e+000
 2.1744788e+000
 2.2403092e+000
 2.3202655e+000
 2.4108398e+000
 2.4542639e+000
 2.1640399e+000
 2.0000000e+000
 2.0000000e+000
 2.0000000e+000
 2.0000000e+000
 2.0000000e+000
 2.0000000e+000
 2.0000000e+000
 2.0000000e+000
 2.0000000e+000
 2.0000000e+000
 2.0000000e+000
 2.0000000e+000
 2.0000000e+000
 2.0000000e+000
 2.0000000e+000
 2.0000000e+000
 2.0000000e+000
 2.0000000e+000
 2.0000000e+000
 2.0000000e+000
 2.2211680e+000
