22 22
 0.0000000e+000  0.0000000e+000 
  0.0000000e+000  0.0000000e+000
  0.0000000e+000  0.0000000e+000
  0.0000000e+000  0.0000000e+000
  0.0000000e+000  0.0000000e+000
  0.0000000e+000  0.0000000e+000
  0.0000000e+000  0.0000000e+000
  0.0000000e+000  0.0000000e+000
  0.0000000e+000  0.0000000e+000
  0.0000000e+000  0.0000000e+000
  0.0000000e+000  0.0000000e+000
  0.0000000e+000  0.0000000e+000
  0.0000000e+000  0.0000000e+000
  0.0000000e+000  0.0000000e+000
  0.0000000e+000  0.0000000e+000
  0.0000000e+000  0.0000000e+000
  0.0000000e+000  0.0000000e+000
  0.0000000e+000  0.0000000e+000
  0.0000000e+000  0.0000000e+000
  0.0000000e+000  0.0000000e+000
  0.0000000e+000  0.0000000e+000
  0.0000000e+000  0.0000000e+000
  0.0000000e+000  0.0000000e+000
  3.4912231e-005 -2.4728872e-005
  1.1773158e-004 -3.9830822e-005
  1.6842339e-004 -3.1740761e-005
  9.3515875e-005 -2.3926614e-005
 -1.7286635e-004 -1.1346056e-005
 -6.7777396e-004  3.2811145e-006
 -1.4663701e-003  1.8830822e-005
 -2.5863973e-003  3.6051690e-005
 -4.0929159e-003  5.7350542e-005
 -6.0484414e-003  8.6882217e-005
 -8.5104993e-003  1.2981420e-004
 -1.1494516e-002  1.8940786e-004
 -1.4894994e-002  2.5975404e-004
 -1.8348591e-002  3.1223265e-004
 -2.1049740e-002  2.8048968e-004
 -2.1631964e-002  6.9674868e-005
 -1.8498490e-002 -3.4466881e-004
 -1.1244703e-002 -6.9355429e-004
 -2.1910251e-003 -5.2663963e-004
  2.3883639e-003  2.4866548e-004
  0.0000000e+000  0.0000000e+000
  0.0000000e+000  0.0000000e+000
  7.5540040e-005 -1.1287687e-004
  1.8498670e-004 -1.1358788e-004
  8.0426769e-005  3.8554001e-005
 -4.4888290e-004  2.6615727e-004
 -1.5672410e-003  5.3859601e-004
 -3.4098623e-003  8.3418144e-004
 -6.0992176e-003  1.1436909e-003
 -9.7595165e-003  1.4670590e-003
 -1.4520315e-002  1.8067565e-003
 -2.0499466e-002  2.1566334e-003
 -2.7746409e-002  2.4832236e-003
 -3.6120716e-002  2.6975274e-003
 -4.5081571e-002  2.6201992e-003
 -5.3392369e-002  1.9595611e-003
 -5.8837730e-002  3.6183512e-004
 -5.8274303e-002 -2.3461946e-003
 -4.8717204e-002 -5.5990033e-003
 -3.0202171e-002 -7.5060031e-003
 -8.5739996e-003 -5.6973770e-003
  2.6493145e-003 -9.0186826e-005
  0.0000000e+000  0.0000000e+000
  0.0000000e+000  0.0000000e+000
  9.0281261e-005 -2.0514702e-004
  4.5196932e-005 -3.0452709e-005
 -5.3689012e-004  5.2159873e-004
 -1.9322340e-003  1.2817866e-003
 -4.3691043e-003  2.1504434e-003
 -8.0340123e-003  3.0708630e-003
 -1.3092900e-002  4.0173898e-003
 -1.9702533e-002  4.9799378e-003
 -2.7999705e-002  5.9395479e-003
 -3.8052674e-002  6.8318564e-003
 -4.9752578e-002  7.4962587e-003
 -6.2623069e-002  7.6153092e-003
 -7.5545199e-002  6.6680475e-003
 -8.6448446e-002  3.9602509e-003
 -9.2143819e-002 -1.1352102e-003
 -8.8689327e-002 -8.5418457e-003
 -7.2950788e-002 -1.6395781e-002
 -4.5844227e-002 -2.0299455e-002
 -1.5236258e-002 -1.5353887e-002
  1.6572250e-003 -1.9481794e-003
  0.0000000e+000  0.0000000e+000
  0.0000000e+000  0.0000000e+000
  8.9727764e-005 -1.9092827e-004
 -3.1604237e-004  4.7917772e-004
 -1.7494801e-003  1.8025030e-003
 -4.4782711e-003  3.4672131e-003
 -8.7414514e-003  5.2903309e-003
 -1.4730627e-002  7.1694227e-003
 -2.2605097e-002  9.0530217e-003
 -3.2492779e-002  1.0900757e-002
 -4.4456441e-002  1.2629205e-002
 -5.8410257e-002  1.4042096e-002
 -7.3971555e-002  1.4749479e-002
 -9.0242863e-002  1.4096621e-002
 -1.0554948e-001  1.1154445e-002
 -1.1721814e-001  4.8780758e-003
 -1.2158510e-001 -5.3929985e-003
 -1.1457099e-001 -1.8913852e-002
 -9.3342729e-002 -3.2079373e-002
 -5.9424270e-002 -3.7743784e-002
 -2.1567088e-002 -2.8496809e-002
  6.1402941e-004 -5.5465219e-003
  0.0000000e+000  0.0000000e+000
  0.0000000e+000  0.0000000e+000
  7.2376148e-005  6.0025988e-005
 -9.3921309e-004  1.7495800e-003
 -3.6571266e-003  4.3484932e-003
 -8.2356781e-003  7.3665180e-003
 -1.4854468e-002  1.0527630e-002
 -2.3649534e-002  1.3680193e-002
 -3.4710620e-002  1.6734470e-002
 -4.8066128e-002  1.9586023e-002
 -6.3625053e-002  2.2025514e-002
 -8.1068330e-002  2.3640759e-002
 -9.9689290e-002  2.3728298e-002
 -1.1819604e-001  2.1252586e-002
 -1.3451742e-001  1.4927844e-002
 -1.4569502e-001  3.5467437e-003
 -1.4800258e-001 -1.3273682e-002
 -1.3753362e-001 -3.3794515e-002
 -1.1169611e-001 -5.2495517e-002
 -7.2084911e-002 -5.9526145e-002
 -2.7654422e-002 -4.5024991e-002
 -2.9874980e-004 -1.0861325e-002
  0.0000000e+000  0.0000000e+000
  0.0000000e+000  0.0000000e+000
  2.9399951e-005  7.0828415e-004
 -1.8849579e-003  4.1874750e-003
 -6.3795038e-003  8.7091485e-003
 -1.3354187e-002  1.3589152e-002
 -2.2841454e-002  1.8465970e-002
 -3.4850433e-002  2.3143638e-002
 -4.9333133e-002  2.7477879e-002
 -6.6152461e-002  3.1255569e-002
 -8.5006125e-002  3.4074403e-002
 -1.0531369e-001  3.5239551e-002
 -1.2607731e-001  3.3703361e-002
 -1.4573830e-001  2.8096536e-002
 -1.6206264e-001  1.6927812e-002
 -1.7210217e-001 -9.3278347e-004
 -1.7230576e-001 -2.5339449e-002
 -1.5895170e-001 -5.3413484e-002
 -1.2937389e-001 -7.7743545e-002
 -8.4714800e-002 -8.5849099e-002
 -3.3810448e-002 -6.5246888e-002
 -1.1455561e-003 -1.7950408e-002
  0.0000000e+000  0.0000000e+000
  0.0000000e+000  0.0000000e+000
 -5.4515342e-005  1.9606904e-003
 -3.2277079e-003  8.2816584e-003
 -1.0036725e-002  1.5502176e-002
 -1.9946892e-002  2.2770846e-002
 -3.2743223e-002  2.9679215e-002
 -4.8234798e-002  3.6004458e-002
 -6.6176049e-002  4.1530617e-002
 -8.6220458e-002  4.5890037e-002
 -1.0784069e-001  4.8437163e-002
 -1.3023202e-001  4.8174657e-002
 -1.5221493e-001  4.3757297e-002
 -1.7214945e-001  3.3613328e-002
 -1.8786758e-001  1.6245276e-002
 -1.9662669e-001 -9.1944868e-003
 -1.9510792e-001 -4.1911718e-002
 -1.7961647e-001 -7.7914961e-002
 -1.4706516e-001 -1.0802431e-001
 -9.7765483e-002 -1.1711612e-001
 -4.0296450e-002 -8.9652754e-002
 -2.0386477e-003 -2.7021896e-002
  0.0000000e+000  0.0000000e+000
  0.0000000e+000  0.0000000e+000
 -2.0160383e-004  4.0794523e-003
 -5.0439630e-003  1.4595041e-002
 -1.4715392e-002  2.5376644e-002
 -2.8032502e-002  3.5512310e-002
 -4.4432018e-002  4.4632792e-002
 -6.3462153e-002  5.2524444e-002
 -8.4643729e-002  5.8889184e-002
 -1.0741662e-001  6.3175380e-002
 -1.3106896e-001  6.4485416e-002
 -1.5466936e-001  6.1567970e-002
 -1.7701001e-001  5.2901611e-002
 -1.9655332e-001  3.6889739e-002
 -2.1136093e-001  1.2209250e-002
 -2.1897493e-001 -2.1595825e-002
 -2.1625833e-001 -6.3102916e-002
 -1.9937135e-001 -1.0734986e-001
 -1.6457121e-001 -1.4353062e-001
 -1.1110205e-001 -1.5375631e-001
 -4.7148503e-002 -1.1879915e-001
 -3.0579127e-003 -3.8397387e-002
  0.0000000e+000  0.0000000e+000
  0.0000000e+000  0.0000000e+000
 -4.3970963e-004  7.3830308e-003
 -7.3910030e-003  2.3733899e-002
 -2.0417580e-002  3.8948212e-002
 -3.7457846e-002  5.2291378e-002
 -5.7516523e-002  6.3584916e-002
 -7.9847723e-002  7.2687045e-002
 -1.0374070e-001  7.9225987e-002
 -1.2846565e-001  8.2473032e-002
 -1.5321651e-001  8.1330568e-002
 -1.7706732e-001  7.4410178e-002
 -1.9893527e-001  6.0181729e-002
 -2.1752474e-001  3.7194345e-002
 -2.3121439e-001  4.4107321e-003
 -2.3784512e-001 -3.8232096e-002
 -2.3441458e-001 -8.8804424e-002
 -2.1686712e-001 -1.4157309e-001
 -1.8071204e-001 -1.8424577e-001
 -1.2394921e-001 -1.9599178e-001
 -5.4103911e-002 -1.5313214e-001
 -4.2217327e-003 -5.2424412e-002
  0.0000000e+000  0.0000000e+000
  0.0000000e+000  0.0000000e+000
 -7.9738552e-004  1.2233930e-002
 -1.0273114e-002  3.6287166e-002
 -2.6992386e-002  5.6702569e-002
 -4.7800791e-002  7.3349372e-002
 -7.1223713e-002  8.6472549e-002
 -9.6227817e-002  9.6099049e-002
 -1.2191797e-001  1.0182478e-001
 -1.4748339e-001  1.0280367e-001
 -1.7214675e-001  9.7853839e-002
 -1.9512582e-001  8.5614361e-002
 -2.1559079e-001  6.4717270e-002
 -2.3258278e-001  3.3980086e-002
 -2.4485083e-001 -7.3184869e-003
 -2.5056145e-001 -5.8926772e-002
 -2.4688195e-001 -1.1858673e-001
 -2.2959042e-001 -1.8003283e-001
 -1.9343528e-001 -2.2966263e-001
 -1.3496660e-001 -2.4355254e-001
 -6.0613636e-002 -1.9276056e-001
 -5.4864390e-003 -6.9360636e-002
  0.0000000e+000  0.0000000e+000
  0.0000000e+000  0.0000000e+000
 -1.2939853e-003  1.9005172e-002
 -1.3595702e-002  5.2728217e-002
 -3.4051325e-002  7.8863487e-002
 -5.8251921e-002  9.8548613e-002
 -8.4247820e-002  1.1277481e-001
 -1.1077131e-001  1.2187506e-001
 -1.3683787e-001  1.2549925e-001
 -1.6168529e-001  1.2280329e-001
 -1.8470939e-001  1.1268793e-001
 -2.0540857e-001  9.3999378e-002
 -2.2331853e-001  6.5672144e-002
 -2.3790079e-001  2.6853399e-002
 -2.4834137e-001 -2.2895472e-002
 -2.5320932e-001 -8.3135426e-002
 -2.4995041e-001 -1.5150690e-001
 -2.3427905e-001 -2.2151203e-001
 -2.0016755e-001 -2.7850577e-001
 -1.4245915e-001 -2.9541096e-001
 -6.5916792e-002 -2.3722483e-001
 -6.7543495e-003 -8.9241251e-002
  0.0000000e+000  0.0000000e+000
  0.0000000e+000  0.0000000e+000
 -1.9259285e-003  2.8016487e-002
 -1.7114360e-002  7.3271900e-002
 -4.0878918e-002  1.0521634e-001
 -6.7484044e-002  1.2718438e-001
 -9.4573677e-002  1.4132725e-001
 -1.2076005e-001  1.4846848e-001
 -1.4512727e-001  1.4845441e-001
 -1.6714330e-001  1.4061940e-001
 -1.8655273e-001  1.2414244e-001
 -2.0328316e-001  9.8239549e-002
 -2.1734875e-001  6.2236607e-002
 -2.2871532e-001  1.5610993e-002
 -2.3707718e-001 -4.1877098e-002
 -2.4149387e-001 -1.0977699e-001
 -2.3979461e-001 -1.8591531e-001
 -2.2770427e-001 -2.6394653e-001
 -1.9838051e-001 -3.2856825e-001
 -1.4471312e-001 -3.4961706e-001
 -6.9170505e-002 -2.8532907e-001
 -7.8880098e-003 -1.1173762e-001
  0.0000000e+000  0.0000000e+000
  0.0000000e+000  0.0000000e+000
 -2.6596575e-003  3.9437134e-002
 -2.0409944e-002  9.7683884e-002
 -4.6378475e-002  1.3487206e-001
 -7.3563516e-002  1.5772425e-001
 -9.9371970e-002  1.7006099e-001
 -1.2251676e-001  1.7344335e-001
 -1.4241260e-001  1.6812146e-001
 -1.5901233e-001  1.5382637e-001
 -1.7261650e-001  1.3020073e-001
 -1.8372394e-001  9.6935853e-002
 -1.9290729e-001  5.3760819e-002
 -2.0066808e-001  4.1438988e-004
 -2.0722111e-001 -6.3284799e-002
 -2.1214217e-001 -1.3710870e-001
 -2.1367913e-001 -2.1940616e-001
 -2.0760015e-001 -3.0444261e-001
 -1.8624860e-001 -3.7675059e-001
 -1.4042881e-001 -4.0331993e-001
 -6.9616094e-002 -3.3512571e-001
 -8.6881220e-003 -1.3603985e-001
  0.0000000e+000  0.0000000e+000
  0.0000000e+000  0.0000000e+000
 -3.4689107e-003  5.3181816e-002
 -2.2967629e-002  1.2505534e-001
 -4.9160939e-002  1.6596505e-001
 -7.4068606e-002  1.8748130e-001
 -9.5227011e-002  1.9572544e-001
 -1.1185620e-001  1.9331872e-001
 -1.2409058e-001  1.8116638e-001
 -1.3266209e-001  1.5959328e-001
 -1.3859420e-001  1.2880334e-001
 -1.4300841e-001  8.8950679e-002
 -1.4699921e-001  4.0073615e-002
 -1.5151632e-001 -1.7972512e-002
 -1.5720834e-001 -8.5503452e-002
 -1.6410385e-001 -1.6276926e-001
 -1.7084636e-001 -2.4898386e-001
 -1.7330739e-001 -3.3951551e-001
 -1.6316348e-001 -4.1933018e-001
 -1.2919952e-001 -4.5299730e-001
 -6.6749208e-002 -3.8376576e-001
 -8.6683901e-003 -1.6092961e-001
  0.0000000e+000  0.0000000e+000
  0.0000000e+000  0.0000000e+000
 -4.5102374e-003  6.8883255e-002
 -2.4519637e-002  1.5356447e-001
 -4.7981642e-002  1.9530226e-001
 -6.6686645e-002  2.1233045e-001
 -7.9002604e-002  2.1382089e-001
 -8.5282035e-002  2.0378010e-001
 -8.6821333e-002  1.8394598e-001
 -8.5330620e-002  1.5527634e-001
 -8.2557432e-002  1.1844676e-001
 -8.0122598e-002  7.3908061e-002
 -7.9455703e-002  2.1818431e-002
 -8.1766628e-002 -3.8038950e-002
 -8.7989278e-002 -1.0631195e-001
 -9.8502196e-002 -1.8393920e-001
 -1.1234163e-001 -2.7130735e-001
 -1.2564136e-001 -3.6538446e-001
 -1.2971260e-001 -4.5231166e-001
 -1.1157572e-001 -4.9485195e-001
 -6.0781032e-002 -4.2663789e-001
 -7.3190033e-003 -1.8521018e-001
  0.0000000e+000  0.0000000e+000
  0.0000000e+000  0.0000000e+000
 -6.6364636e-003  8.6046375e-002
 -2.5974322e-002  1.8018360e-001
 -4.2823967e-002  2.1808767e-001
 -5.0357029e-002  2.2678304e-001
 -4.8967477e-002  2.1905534e-001
 -4.0996134e-002  2.0042244e-001
 -2.9235369e-002  1.7335473e-001
 -1.6332002e-002  1.3918428e-001
 -4.5432188e-003  9.8761849e-002
  4.2779008e-003  5.2564889e-002
  8.6157871e-003  6.5272796e-004
  7.1898140e-003 -5.7433080e-002
 -1.0739239e-003 -1.2279495e-001
 -1.6821768e-002 -1.9718352e-001
 -3.9552163e-002 -2.8238958e-001
 -6.5927617e-002 -3.7743267e-001
 -8.6994998e-002 -4.7037926e-001
 -8.6795263e-002 -5.2310199e-001
 -5.2540377e-002 -4.6095926e-001
 -7.6442030e-003 -2.0770399e-001
  0.0000000e+000  0.0000000e+000
  0.0000000e+000  0.0000000e+000
 -1.2730529e-002  1.0492616e-001
 -3.1606067e-002  2.0097333e-001
 -3.6136754e-002  2.2854903e-001
 -2.4905274e-002  2.2463918e-001
 -3.1561167e-003  2.0603211e-001
  2.3789385e-002  1.7945132e-001
  5.1698674e-002  1.4739177e-001
  7.7330969e-002  1.1094733e-001
  9.8301299e-002  7.0736930e-002
  1.1285117e-001  2.6989944e-002
  1.1963579e-001 -2.0502456e-002
  1.1752612e-001 -7.2527781e-002
  1.0550994e-001 -1.3067250e-001
  8.2785934e-002 -1.9754240e-001
  4.9355347e-002 -2.7648208e-001
  7.8385556e-003 -3.6901182e-001
 -3.2978632e-002 -4.6611339e-001
 -5.5726837e-002 -5.3061002e-001
 -4.3623123e-002 -4.8315549e-001
 -8.9864135e-003 -2.2721925e-001
  0.0000000e+000  0.0000000e+000
  0.0000000e+000  0.0000000e+000
 -2.9848341e-002  1.3215844e-001
 -4.9305808e-002  2.1415102e-001
 -2.4528101e-002  2.1849379e-001
  2.1270040e-002  1.9673078e-001
  7.3890485e-002  1.6815090e-001
  1.2596823e-001  1.3736919e-001
  1.7285642e-001  1.0525531e-001
  2.1168768e-001  7.1908534e-002
  2.4073181e-001  3.7415110e-002
  2.5892094e-001  1.5651349e-003
  2.6556161e-001 -3.6185600e-002
  2.6008293e-001 -7.6949999e-002
  2.4183372e-001 -1.2275713e-001
  2.0999548e-001 -1.7699917e-001
  1.6394597e-001 -2.4454656e-001
  1.0498213e-001 -3.2973364e-001
  4.0300421e-002 -4.2789927e-001
 -1.3084264e-002 -5.0657851e-001
 -3.3054527e-002 -4.8551050e-001
 -1.2609574e-002 -2.4530092e-001
  0.0000000e+000  0.0000000e+000
  0.0000000e+000  0.0000000e+000
 -6.1749849e-002  1.9490711e-001
 -4.0662941e-002  2.0005038e-001
  6.0516398e-002  1.6116664e-001
  1.5986055e-001  1.2761442e-001
  2.4852705e-001  9.8885730e-002
  3.2343560e-001  7.3481843e-002
  3.8302490e-001  5.0020251e-002
  4.2727318e-001  2.7888751e-002
  4.5644644e-001  6.3544754e-003
  4.7104016e-001 -1.5123176e-002
  4.7163025e-001 -3.7348740e-002
  4.5853689e-001 -6.1640967e-002
  4.3153962e-001 -9.0193734e-002
  3.8960063e-001 -1.2661044e-001
  3.3082840e-001 -1.7637196e-001
  2.5358406e-001 -2.4582851e-001
  1.6003856e-001 -3.3580577e-001
  6.2104154e-002 -4.2498747e-001
 -1.2627683e-002 -4.4500819e-001
 -2.1775225e-002 -2.5962898e-001
  0.0000000e+000  0.0000000e+000
  0.0000000e+000  0.0000000e+000
  1.7480353e-001  2.0480025e-001
  3.4571382e-001  1.0343026e-001
  4.8984131e-001  5.4638065e-002
  5.9340739e-001  3.2459412e-002
  6.6786909e-001  1.9767610e-002
  7.2125947e-001  1.0979850e-002
  7.5746113e-001  3.9354232e-003
  7.7918696e-001 -1.7068235e-003
  7.8836155e-001 -6.7351656e-003
  7.8675228e-001 -1.1516796e-002
  7.7546561e-001 -1.6438639e-002
  7.5487858e-001 -2.2143677e-002
  7.2442973e-001 -2.9684154e-002
  6.8228376e-001 -4.0777333e-002
  6.2494576e-001 -5.8180086e-002
  5.4713142e-001 -8.5886702e-002
  4.4245765e-001 -1.2813656e-001
  3.0749390e-001 -1.8513153e-001
  1.5643419e-001 -2.3936479e-001
  3.5384651e-002 -2.2645588e-001
  0.0000000e+000  0.0000000e+000
  5.0000000e-001  0.0000000e+000
  1.0000000e+000  0.0000000e+000
  1.0000000e+000  0.0000000e+000
  1.0000000e+000  0.0000000e+000
  1.0000000e+000  0.0000000e+000
  1.0000000e+000  0.0000000e+000
  1.0000000e+000  0.0000000e+000
  1.0000000e+000  0.0000000e+000
  1.0000000e+000  0.0000000e+000
  1.0000000e+000  0.0000000e+000
  1.0000000e+000  0.0000000e+000
  1.0000000e+000  0.0000000e+000
  1.0000000e+000  0.0000000e+000
  1.0000000e+000  0.0000000e+000
  1.0000000e+000  0.0000000e+000
  1.0000000e+000  0.0000000e+000
  1.0000000e+000  0.0000000e+000
  1.0000000e+000  0.0000000e+000
  1.0000000e+000  0.0000000e+000
  1.0000000e+000  0.0000000e+000
  1.0000000e+000  0.0000000e+000
  5.0000000e-001  0.0000000e+000
