 9.9997818e-001
 1.0000000e+000
 1.0000000e+000
 1.0000000e+000
 1.0000000e+000
 1.0000000e+000
 1.0000000e+000
 1.0000000e+000
 1.0000000e+000
 1.0000000e+000
 1.0000000e+000
 1.0000000e+000
 1.0000000e+000
 1.0000000e+000
 1.0000000e+000
 1.0000000e+000
 1.0000000e+000
 1.0000000e+000
 1.0000000e+000
 1.0000000e+000
 1.0000000e+000
 1.0004507e+000
 1.0095922e+000
 1.0097870e+000
 1.0101945e+000
 1.0106988e+000
 1.0113424e+000
 1.0121872e+000
 1.0133182e+000
 1.0148453e+000
 1.0169007e+000
 1.0196308e+000
 1.0231836e+000
 1.0276942e+000
 1.0332706e+000
 1.0399765e+000
 1.0477879e+000
 1.0564868e+000
 1.0654889e+000
 1.0735561e+000
 1.0786997e+000
 1.0792626e+000
 1.0771655e+000
 1.0760689e+000
 1.0298343e+000
 1.0304631e+000
 1.0317696e+000
 1.0334088e+000
 1.0355259e+000
 1.0383312e+000
 1.0421042e+000
 1.0471922e+000
 1.0539920e+000
 1.0629208e+000
 1.0743756e+000
 1.0886929e+000
 1.1061107e+000
 1.1267111e+000
 1.1502697e+000
 1.1759301e+000
 1.2017363e+000
 1.2239470e+000
 1.2371167e+000
 1.2373232e+000
 1.2303764e+000
 1.2267560e+000
 1.0519822e+000
 1.0531164e+000
 1.0554583e+000
 1.0584366e+000
 1.0623400e+000
 1.0675720e+000
 1.0746465e+000
 1.0841662e+000
 1.0967793e+000
 1.1131182e+000
 1.1337304e+000
 1.1590192e+000
 1.1891828e+000
 1.2241070e+000
 1.2630602e+000
 1.3042341e+000
 1.3440832e+000
 1.3765876e+000
 1.3939425e+000
 1.3914380e+000
 1.3784661e+000
 1.3717282e+000
 1.0760905e+000
 1.0778033e+000
 1.0813195e+000
 1.0858774e+000
 1.0919696e+000
 1.1002498e+000
 1.1115004e+000
 1.1265746e+000
 1.1463132e+000
 1.1714468e+000
 1.2025065e+000
 1.2397516e+000
 1.2830853e+000
 1.3318683e+000
 1.3844663e+000
 1.4378541e+000
 1.4869733e+000
 1.5243886e+000
 1.5417609e+000
 1.5351452e+000
 1.5164545e+000
 1.5067778e+000
 1.1021700e+000
 1.1045356e+000
 1.1093663e+000
 1.1158026e+000
 1.1246272e+000
 1.1368054e+000
 1.1533966e+000
 1.1754417e+000
 1.2038310e+000
 1.2391815e+000
 1.2817426e+000
 1.3313218e+000
 1.3871655e+000
 1.4476497e+000
 1.5099795e+000
 1.5699193e+000
 1.6216010e+000
 1.6577827e+000
 1.6717445e+000
 1.6613109e+000
 1.6388991e+000
 1.6273332e+000
 1.1301786e+000
 1.1332748e+000
 1.1395668e+000
 1.1482768e+000
 1.1605909e+000
 1.1778275e+000
 1.2012637e+000
 1.2319551e+000
 1.2705714e+000
 1.3172780e+000
 1.3716688e+000
 1.4326944e+000
 1.4984728e+000
 1.5661440e+000
 1.6318779e+000
 1.6908869e+000
 1.7377883e+000
 1.7675565e+000
 1.7765348e+000
 1.7642289e+000
 1.7412367e+000
 1.7294085e+000
 1.1600124e+000
 1.1639284e+000
 1.1718503e+000
 1.1833841e+000
 1.2002417e+000
 1.2240680e+000
 1.2561622e+000
 1.2972522e+000
 1.3473523e+000
 1.4057144e+000
 1.4708155e+000
 1.5402571e+000
 1.6108863e+000
 1.6789507e+000
 1.7402653e+000
 1.7907962e+000
 1.8272899e+000
 1.8481765e+000
 1.8528039e+000
 1.8413607e+000
 1.8210268e+000
 1.8105984e+000
 1.1915017e+000
 1.1963515e+000
 1.2061206e+000
 1.2212534e+000
 1.2440735e+000
 1.2763730e+000
 1.3190566e+000
 1.3719621e+000
 1.4338570e+000
 1.5025378e+000
 1.5748253e+000
 1.6470854e+000
 1.7154523e+000
 1.7761083e+000
 1.8258668e+000
 1.8628999e+000
 1.8870775e+000
 1.8998713e+000
 1.9022528e+000
 1.8939865e+000
 1.8785828e+000
 1.8707068e+000
 1.2244079e+000
 1.2303489e+000
 1.2422675e+000
 1.2620631e+000
 1.2926298e+000
 1.3354610e+000
 1.3903519e+000
 1.4554700e+000
 1.5276541e+000
 1.6026332e+000
 1.6760597e+000
 1.7438244e+000
 1.8023942e+000
 1.8493054e+000
 1.8836976e+000
 1.9065624e+000
 1.9204321e+000
 1.9281023e+000
 1.9304823e+000
 1.9264808e+000
 1.9167510e+000
 1.9117907e+000
 1.2584263e+000
 1.2656775e+000
 1.2801671e+000
 1.3059953e+000
 1.3463187e+000
 1.4014975e+000
 1.4691838e+000
 1.5449371e+000
 1.6229807e+000
 1.6978527e+000
 1.7650245e+000
 1.8212069e+000
 1.8646538e+000
 1.8953905e+000
 1.9152074e+000
 1.9271587e+000
 1.9348578e+000
 1.9406787e+000
 1.9445825e+000
 1.9446547e+000
 1.9399785e+000
 1.9376014e+000
 1.2931905e+000
 1.3020401e+000
 1.3196553e+000
 1.3531070e+000
 1.4050733e+000
 1.4734678e+000
 1.5524900e+000
 1.6342787e+000
 1.7115375e+000
 1.7789500e+000
 1.8333551e+000
 1.8737264e+000
 1.9009726e+000
 1.9175667e+000
 1.9269713e+000
 1.9328982e+000
 1.9383785e+000
 1.9446946e+000
 1.9507482e+000
 1.9540464e+000
 1.9531028e+000
 1.9526246e+000
 1.3282845e+000
 1.3390694e+000
 1.3604537e+000
 1.4030761e+000
 1.4677998e+000
 1.5483773e+000
 1.6343787e+000
 1.7154732e+000
 1.7847486e+000
 1.8388199e+000
 1.8772948e+000
 1.9019685e+000
 1.9160188e+000
 1.9232043e+000
 1.9272341e+000
 1.9311537e+000
 1.9369786e+000
 1.9449203e+000
 1.9531968e+000
 1.9589229e+000
 1.9603325e+000
 1.9610449e+000
 1.3632561e+000
 1.3762984e+000
 1.4020568e+000
 1.4548931e+000
 1.5319396e+000
 1.6211226e+000
 1.7074968e+000
 1.7809305e+000
 1.8369116e+000
 1.8753629e+000
 1.8989060e+000
 1.9114289e+000
 1.9171439e+000
 1.9196111e+000
 1.9218353e+000
 1.9261583e+000
 1.9336866e+000
 1.9439005e+000
 1.9543926e+000
 1.9619353e+000
 1.9647032e+000
 1.9660980e+000
 1.3976319e+000
 1.4131396e+000
 1.4436418e+000
 1.5067096e+000
 1.5936069e+000
 1.6853219e+000
 1.7653749e+000
 1.8262069e+000
 1.8671861e+000
 1.8916035e+000
 1.9040836e+000
 1.9093666e+000
 1.9108890e+000
 1.9117756e+000
 1.9144896e+000
 1.9205731e+000
 1.9304616e+000
 1.9430761e+000
 1.9555566e+000
 1.9645267e+000
 1.9680791e+000
 1.9698635e+000
 1.4309406e+000
 1.4488990e+000
 1.4840695e+000
 1.5559193e+000
 1.6480188e+000
 1.7356443e+000
 1.8043542e+000
 1.8508973e+000
 1.8785530e+000
 1.8930311e+000
 1.8992051e+000
 1.9008217e+000
 1.9011837e+000
 1.9028162e+000
 1.9074563e+000
 1.9159842e+000
 1.9284226e+000
 1.9431769e+000
 1.9574713e+000
 1.9674610e+000
 1.9714276e+000
 1.9734130e+000
 1.4627333e+000
 1.4828941e+000
 1.5221969e+000
 1.5999402e+000
 1.6908973e+000
 1.7687806e+000
 1.8237749e+000
 1.8574437e+000
 1.8762193e+000
 1.8849341e+000
 1.8881701e+000
 1.8894012e+000
 1.8911964e+000
 1.8952816e+000
 1.9027810e+000
 1.9139539e+000
 1.9285285e+000
 1.9452511e+000
 1.9607378e+000
 1.9711649e+000
 1.9752364e+000
 1.9772658e+000
 1.4926605e+000
 1.5146630e+000
 1.5573448e+000
 1.6365035e+000
 1.7192148e+000
 1.7831070e+000
 1.8250233e+000
 1.8503314e+000
 1.8640220e+000
 1.8711019e+000
 1.8753946e+000
 1.8794885e+000
 1.8848702e+000
 1.8924377e+000
 1.9026725e+000
 1.9161334e+000
 1.9325260e+000
 1.9501728e+000
 1.9657269e+000
 1.9758347e+000
 1.9797008e+000
 1.9816179e+000
 1.5205572e+000
 1.5441484e+000
 1.5896679e+000
 1.6640326e+000
 1.7323391e+000
 1.7823415e+000
 1.8155576e+000
 1.8368180e+000
 1.8508162e+000
 1.8611038e+000
 1.8699939e+000
 1.8787535e+000
 1.8881847e+000
 1.8989017e+000
 1.9113786e+000
 1.9259084e+000
 1.9421825e+000
 1.9587353e+000
 1.9727269e+000
 1.9815588e+000
 1.9848859e+000
 1.9865241e+000
 1.5485091e+000
 1.5781083e+000
 1.6348876e+000
 1.7006143e+000
 1.7537327e+000
 1.7934052e+000
 1.8226761e+000
 1.8447061e+000
 1.8621871e+000
 1.8766897e+000
 1.8892939e+000
 1.9008465e+000
 1.9118774e+000
 1.9228727e+000
 1.9342668e+000
 1.9463717e+000
 1.9591017e+000
 1.9715601e+000
 1.9818350e+000
 1.9882425e+000
 1.9906956e+000
 1.9918911e+000
 1.7616373e+000
 1.7784636e+000
 1.8105357e+000
 1.8441265e+000
 1.8727924e+000
 1.8954991e+000
 1.9132652e+000
 1.9271711e+000
 1.9381192e+000
 1.9469174e+000
 1.9541690e+000
 1.9603320e+000
 1.9657602e+000
 1.9707487e+000
 1.9755270e+000
 1.9802761e+000
 1.9850248e+000
 1.9895357e+000
 1.9932436e+000
 1.9956350e+000
 1.9966425e+000
 1.9971255e+000
 1.9364403e+000
 2.0000000e+000
 2.0000000e+000
 2.0000000e+000
 2.0000000e+000
 2.0000000e+000
 2.0000000e+000
 2.0000000e+000
 2.0000000e+000
 2.0000000e+000
 2.0000000e+000
 2.0000000e+000
 2.0000000e+000
 2.0000000e+000
 2.0000000e+000
 2.0000000e+000
 2.0000000e+000
 2.0000000e+000
 2.0000000e+000
 2.0000000e+000
 2.0000000e+000
 1.9998695e+000