   0.0000000e+000  0.0000000e+000 
  0.0000000e+000  0.0000000e+000
  0.0000000e+000  0.0000000e+000
  0.0000000e+000  0.0000000e+000
  0.0000000e+000  0.0000000e+000
  0.0000000e+000  0.0000000e+000
  0.0000000e+000  0.0000000e+000
  0.0000000e+000  0.0000000e+000
  0.0000000e+000  0.0000000e+000
  0.0000000e+000  0.0000000e+000
  0.0000000e+000  0.0000000e+000
  0.0000000e+000  0.0000000e+000
  0.0000000e+000  0.0000000e+000
  0.0000000e+000  0.0000000e+000
  0.0000000e+000  0.0000000e+000
  0.0000000e+000  0.0000000e+000
  0.0000000e+000  0.0000000e+000
  0.0000000e+000  0.0000000e+000
  0.0000000e+000  0.0000000e+000
  0.0000000e+000  0.0000000e+000
  0.0000000e+000  0.0000000e+000
  0.0000000e+000  0.0000000e+000
  0.0000000e+000  0.0000000e+000
  3.4912238e-005 -2.4728835e-005
  1.1773164e-004 -3.9830735e-005
  1.6842355e-004 -3.1740739e-005
  9.3516232e-005 -2.3926670e-005
 -1.7286593e-004 -1.1346072e-005
 -6.7777361e-004  3.2811249e-006
 -1.4663701e-003  1.8830933e-005
 -2.5863978e-003  3.6051610e-005
 -4.0929164e-003  5.7350768e-005
 -6.0484409e-003  8.6882676e-005
 -8.5104993e-003  1.2981416e-004
 -1.1494516e-002  1.8940822e-004
 -1.4894993e-002  2.5975402e-004
 -1.8348588e-002  3.1223297e-004
 -2.1049740e-002  2.8048971e-004
 -2.1631962e-002  6.9674956e-005
 -1.8498486e-002 -3.4466898e-004
 -1.1244700e-002 -6.9355604e-004
 -2.1910244e-003 -5.2664155e-004
  2.3883651e-003  2.4866534e-004
  0.0000000e+000  0.0000000e+000
  0.0000000e+000  0.0000000e+000
  7.5540076e-005 -1.1287685e-004
  1.8498689e-004 -1.1358786e-004
  8.0427264e-005  3.8553972e-005
 -4.4888209e-004  2.6615703e-004
 -1.5672400e-003  5.3859607e-004
 -3.4098616e-003  8.3418214e-004
 -6.0992180e-003  1.1436918e-003
 -9.7595183e-003  1.4670594e-003
 -1.4520315e-002  1.8067559e-003
 -2.0499464e-002  2.1566337e-003
 -2.7746407e-002  2.4832240e-003
 -3.6120716e-002  2.6975276e-003
 -4.5081571e-002  2.6201988e-003
 -5.3392366e-002  1.9595618e-003
 -5.8837727e-002  3.6183425e-004
 -5.8274299e-002 -2.3461962e-003
 -4.8717201e-002 -5.5990047e-003
 -3.0202165e-002 -7.5060036e-003
 -8.5739959e-003 -5.6973789e-003
  2.6493168e-003 -9.0186724e-005
  0.0000000e+000  0.0000000e+000
  0.0000000e+000  0.0000000e+000
  9.0281275e-005 -2.0514704e-004
  4.5197205e-005 -3.0452873e-005
 -5.3688954e-004  5.2159850e-004
 -1.9322329e-003  1.2817862e-003
 -4.3691033e-003  2.1504445e-003
 -8.0340132e-003  3.0708648e-003
 -1.3092902e-002  4.0173908e-003
 -1.9702533e-002  4.9799369e-003
 -2.7999705e-002  5.9395460e-003
 -3.8052674e-002  6.8318550e-003
 -4.9752574e-002  7.4962592e-003
 -6.2623069e-002  7.6153083e-003
 -7.5545199e-002  6.6680480e-003
 -8.6448446e-002  3.9602513e-003
 -9.2143819e-002 -1.1352112e-003
 -8.8689327e-002 -8.5418466e-003
 -7.2950788e-002 -1.6395783e-002
 -4.5844227e-002 -2.0299455e-002
 -1.5236256e-002 -1.5353890e-002
  1.6572269e-003 -1.9481794e-003
  0.0000000e+000  0.0000000e+000
  0.0000000e+000  0.0000000e+000
  8.9727771e-005 -1.9092837e-004
 -3.1604210e-004  4.7917740e-004
 -1.7494794e-003  1.8025028e-003
 -4.4782702e-003  3.4672129e-003
 -8.7414514e-003  5.2903332e-003
 -1.4730627e-002  7.1694250e-003
 -2.2605097e-002  9.0530226e-003
 -3.2492779e-002  1.0900756e-002
 -4.4456441e-002  1.2629203e-002
 -5.8410257e-002  1.4042094e-002
 -7.3971555e-002  1.4749479e-002
 -9.0242863e-002  1.4096619e-002
 -1.0554948e-001  1.1154446e-002
 -1.1721814e-001  4.8780763e-003
 -1.2158510e-001 -5.3929999e-003
 -1.1457099e-001 -1.8913850e-002
 -9.3342729e-002 -3.2079373e-002
 -5.9424270e-002 -3.7743784e-002
 -2.1567088e-002 -2.8496811e-002
  6.1403116e-004 -5.5465223e-003
  0.0000000e+000  0.0000000e+000
  0.0000000e+000  0.0000000e+000
  7.2376264e-005  6.0025657e-005
 -9.3921251e-004  1.7495791e-003
 -3.6571254e-003  4.3484927e-003
 -8.2356781e-003  7.3665176e-003
 -1.4854468e-002  1.0527633e-002
 -2.3649534e-002  1.3680195e-002
 -3.4710620e-002  1.6734470e-002
 -4.8066128e-002  1.9586021e-002
 -6.3625053e-002  2.2025513e-002
 -8.1068330e-002  2.3640757e-002
 -9.9689290e-002  2.3728298e-002
 -1.1819604e-001  2.1252582e-002
 -1.3451742e-001  1.4927847e-002
 -1.4569502e-001  3.5467430e-003
 -1.4800258e-001 -1.3273684e-002
 -1.3753362e-001 -3.3794515e-002
 -1.1169611e-001 -5.2495517e-002
 -7.2084911e-002 -5.9526149e-002
 -2.7654421e-002 -4.5024995e-002
 -2.9874980e-004 -1.0861326e-002
  0.0000000e+000  0.0000000e+000
  0.0000000e+000  0.0000000e+000
  2.9400084e-005  7.0828351e-004
 -1.8849571e-003  4.1874740e-003
 -6.3795028e-003  8.7091476e-003
 -1.3354185e-002  1.3589153e-002
 -2.2841454e-002  1.8465973e-002
 -3.4850433e-002  2.3143640e-002
 -4.9333133e-002  2.7477879e-002
 -6.6152461e-002  3.1255566e-002
 -8.5006125e-002  3.4074400e-002
 -1.0531369e-001  3.5239551e-002
 -1.2607731e-001  3.3703361e-002
 -1.4573830e-001  2.8096536e-002
 -1.6206264e-001  1.6927814e-002
 -1.7210217e-001 -9.3278394e-004
 -1.7230576e-001 -2.5339451e-002
 -1.5895170e-001 -5.3413484e-002
 -1.2937389e-001 -7.7743545e-002
 -8.4714800e-002 -8.5849106e-002
 -3.3810448e-002 -6.5246888e-002
 -1.1455559e-003 -1.7950406e-002
  0.0000000e+000  0.0000000e+000
  0.0000000e+000  0.0000000e+000
 -5.4515029e-005  1.9606894e-003
 -3.2277068e-003  8.2816575e-003
 -1.0036725e-002  1.5502174e-002
 -1.9946890e-002  2.2770848e-002
 -3.2743223e-002  2.9679218e-002
 -4.8234798e-002  3.6004458e-002
 -6.6176049e-002  4.1530613e-002
 -8.6220458e-002  4.5890033e-002
 -1.0784069e-001  4.8437163e-002
 -1.3023202e-001  4.8174657e-002
 -1.5221493e-001  4.3757297e-002
 -1.7214945e-001  3.3613328e-002
 -1.8786758e-001  1.6245274e-002
 -1.9662669e-001 -9.1944877e-003
 -1.9510792e-001 -4.1911718e-002
 -1.7961647e-001 -7.7914961e-002
 -1.4706516e-001 -1.0802431e-001
 -9.7765483e-002 -1.1711612e-001
 -4.0296450e-002 -8.9652754e-002
 -2.0386484e-003 -2.7021894e-002
  0.0000000e+000  0.0000000e+000
  0.0000000e+000  0.0000000e+000
 -2.0160340e-004  4.0794509e-003
 -5.0439620e-003  1.4595038e-002
 -1.4715390e-002  2.5376644e-002
 -2.8032500e-002  3.5512310e-002
 -4.4432018e-002  4.4632792e-002
 -6.3462153e-002  5.2524444e-002
 -8.4643729e-002  5.8889184e-002
 -1.0741662e-001  6.3175380e-002
 -1.3106896e-001  6.4485416e-002
 -1.5466936e-001  6.1567970e-002
 -1.7701001e-001  5.2901611e-002
 -1.9655332e-001  3.6889739e-002
 -2.1136093e-001  1.2209244e-002
 -2.1897493e-001 -2.1595821e-002
 -2.1625833e-001 -6.3102916e-002
 -1.9937135e-001 -1.0734986e-001
 -1.6457121e-001 -1.4353062e-001
 -1.1110205e-001 -1.5375631e-001
 -4.7148503e-002 -1.1879915e-001
 -3.0579125e-003 -3.8397383e-002
  0.0000000e+000  0.0000000e+000
  0.0000000e+000  0.0000000e+000
 -4.3970905e-004  7.3830285e-003
 -7.3910006e-003  2.3733897e-002
 -2.0417579e-002  3.8948212e-002
 -3.7457850e-002  5.2291378e-002
 -5.7516523e-002  6.3584916e-002
 -7.9847723e-002  7.2687045e-002
 -1.0374070e-001  7.9225987e-002
 -1.2846565e-001  8.2473032e-002
 -1.5321651e-001  8.1330568e-002
 -1.7706732e-001  7.4410178e-002
 -1.9893527e-001  6.0181726e-002
 -2.1752474e-001  3.7194345e-002
 -2.3121439e-001  4.4107269e-003
 -2.3784512e-001 -3.8232096e-002
 -2.3441458e-001 -8.8804424e-002
 -2.1686712e-001 -1.4157309e-001
 -1.8071204e-001 -1.8424577e-001
 -1.2394921e-001 -1.9599178e-001
 -5.4103911e-002 -1.5313214e-001
 -4.2217299e-003 -5.2424408e-002
  0.0000000e+000  0.0000000e+000
  0.0000000e+000  0.0000000e+000
 -7.9738599e-004  1.2233927e-002
 -1.0273114e-002  3.6287166e-002
 -2.6992386e-002  5.6702573e-002
 -4.7800791e-002  7.3349372e-002
 -7.1223713e-002  8.6472549e-002
 -9.6227817e-002  9.6099049e-002
 -1.2191797e-001  1.0182478e-001
 -1.4748339e-001  1.0280367e-001
 -1.7214675e-001  9.7853839e-002
 -1.9512582e-001  8.5614361e-002
 -2.1559079e-001  6.4717270e-002
 -2.3258278e-001  3.3980086e-002
 -2.4485083e-001 -7.3184907e-003
 -2.5056145e-001 -5.8926772e-002
 -2.4688195e-001 -1.1858673e-001
 -2.2959042e-001 -1.8003283e-001
 -1.9343528e-001 -2.2966263e-001
 -1.3496660e-001 -2.4355254e-001
 -6.0613636e-002 -1.9276056e-001
 -5.4864376e-003 -6.9360636e-002
  0.0000000e+000  0.0000000e+000
  0.0000000e+000  0.0000000e+000
 -1.2939856e-003  1.9005172e-002
 -1.3595701e-002  5.2728221e-002
 -3.4051325e-002  7.8863487e-002
 -5.8251921e-002  9.8548613e-002
 -8.4247820e-002  1.1277481e-001
 -1.1077131e-001  1.2187506e-001
 -1.3683787e-001  1.2549925e-001
 -1.6168529e-001  1.2280329e-001
 -1.8470939e-001  1.1268793e-001
 -2.0540857e-001  9.3999378e-002
 -2.2331853e-001  6.5672144e-002
 -2.3790079e-001  2.6853397e-002
 -2.4834137e-001 -2.2895474e-002
 -2.5320932e-001 -8.3135426e-002
 -2.4995041e-001 -1.5150690e-001
 -2.3427905e-001 -2.2151203e-001
 -2.0016755e-001 -2.7850577e-001
 -1.4245915e-001 -2.9541096e-001
 -6.5916792e-002 -2.3722483e-001
 -6.7543522e-003 -8.9241244e-002
  0.0000000e+000  0.0000000e+000
  0.0000000e+000  0.0000000e+000
 -1.9259312e-003  2.8016489e-002
 -1.7114362e-002  7.3271900e-002
 -4.0878918e-002  1.0521634e-001
 -6.7484044e-002  1.2718438e-001
 -9.4573677e-002  1.4132725e-001
 -1.2076005e-001  1.4846848e-001
 -1.4512727e-001  1.4845441e-001
 -1.6714330e-001  1.4061940e-001
 -1.8655273e-001  1.2414244e-001
 -2.0328316e-001  9.8239549e-002
 -2.1734875e-001  6.2236607e-002
 -2.2871532e-001  1.5610997e-002
 -2.3707718e-001 -4.1877095e-002
 -2.4149388e-001 -1.0977699e-001
 -2.3979461e-001 -1.8591531e-001
 -2.2770427e-001 -2.6394653e-001
 -1.9838051e-001 -3.2856825e-001
 -1.4471312e-001 -3.4961706e-001
 -6.9170505e-002 -2.8532907e-001
 -7.8880107e-003 -1.1173762e-001
  0.0000000e+000  0.0000000e+000
  0.0000000e+000  0.0000000e+000
 -2.6596594e-003  3.9437138e-002
 -2.0409944e-002  9.7683884e-002
 -4.6378475e-002  1.3487206e-001
 -7.3563516e-002  1.5772425e-001
 -9.9371962e-002  1.7006099e-001
 -1.2251676e-001  1.7344335e-001
 -1.4241260e-001  1.6812146e-001
 -1.5901233e-001  1.5382637e-001
 -1.7261650e-001  1.3020073e-001
 -1.8372394e-001  9.6935853e-002
 -1.9290729e-001  5.3760819e-002
 -2.0066808e-001  4.1439157e-004
 -2.0722111e-001 -6.3284799e-002
 -2.1214217e-001 -1.3710870e-001
 -2.1367913e-001 -2.1940616e-001
 -2.0760015e-001 -3.0444261e-001
 -1.8624860e-001 -3.7675059e-001
 -1.4042881e-001 -4.0331993e-001
 -6.9616094e-002 -3.3512571e-001
 -8.6881239e-003 -1.3603985e-001
  0.0000000e+000  0.0000000e+000
  0.0000000e+000  0.0000000e+000
 -3.4689095e-003  5.3181823e-002
 -2.2967625e-002  1.2505534e-001
 -4.9160935e-002  1.6596505e-001
 -7.4068606e-002  1.8748130e-001
 -9.5227011e-002  1.9572544e-001
 -1.1185620e-001  1.9331872e-001
 -1.2409058e-001  1.8116638e-001
 -1.3266209e-001  1.5959328e-001
 -1.3859420e-001  1.2880334e-001
 -1.4300841e-001  8.8950679e-002
 -1.4699921e-001  4.0073611e-002
 -1.5151632e-001 -1.7972514e-002
 -1.5720834e-001 -8.5503452e-002
 -1.6410385e-001 -1.6276926e-001
 -1.7084636e-001 -2.4898386e-001
 -1.7330739e-001 -3.3951551e-001
 -1.6316348e-001 -4.1933018e-001
 -1.2919952e-001 -4.5299730e-001
 -6.6749208e-002 -3.8376576e-001
 -8.6683901e-003 -1.6092961e-001
  0.0000000e+000  0.0000000e+000
  0.0000000e+000  0.0000000e+000
 -4.5102383e-003  6.8883255e-002
 -2.4519635e-002  1.5356447e-001
 -4.7981638e-002  1.9530226e-001
 -6.6686645e-002  2.1233045e-001
 -7.9002604e-002  2.1382089e-001
 -8.5282035e-002  2.0378010e-001
 -8.6821333e-002  1.8394598e-001
 -8.5330620e-002  1.5527634e-001
 -8.2557432e-002  1.1844676e-001
 -8.0122598e-002  7.3908061e-002
 -7.9455703e-002  2.1818426e-002
 -8.1766628e-002 -3.8038947e-002
 -8.7989278e-002 -1.0631195e-001
 -9.8502196e-002 -1.8393920e-001
 -1.1234163e-001 -2.7130735e-001
 -1.2564136e-001 -3.6538446e-001
 -1.2971260e-001 -4.5231166e-001
 -1.1157572e-001 -4.9485195e-001
 -6.0781028e-002 -4.2663789e-001
 -7.3190005e-003 -1.8521018e-001
  0.0000000e+000  0.0000000e+000
  0.0000000e+000  0.0000000e+000
 -6.6364696e-003  8.6046375e-002
 -2.5974318e-002  1.8018360e-001
 -4.2823963e-002  2.1808767e-001
 -5.0357029e-002  2.2678304e-001
 -4.8967469e-002  2.1905534e-001
 -4.0996131e-002  2.0042244e-001
 -2.9235361e-002  1.7335473e-001
 -1.6331997e-002  1.3918428e-001
 -4.5432122e-003  9.8761849e-002
  4.2779036e-003  5.2564889e-002
  8.6157909e-003  6.5272010e-004
  7.1898205e-003 -5.7433072e-002
 -1.0739237e-003 -1.2279493e-001
 -1.6821774e-002 -1.9718352e-001
 -3.9552160e-002 -2.8238958e-001
 -6.5927595e-002 -3.7743267e-001
 -8.6994961e-002 -4.7037926e-001
 -8.6795241e-002 -5.2310199e-001
 -5.2540373e-002 -4.6095926e-001
 -7.6442044e-003 -2.0770399e-001
  0.0000000e+000  0.0000000e+000
  0.0000000e+000  0.0000000e+000
 -1.2730530e-002  1.0492616e-001
 -3.1606060e-002  2.0097333e-001
 -3.6136746e-002  2.2854903e-001
 -2.4905277e-002  2.2463918e-001
 -3.1561146e-003  2.0603211e-001
  2.3789393e-002  1.7945132e-001
  5.1698681e-002  1.4739177e-001
  7.7330977e-002  1.1094733e-001
  9.8301306e-002  7.0736930e-002
  1.1285118e-001  2.6989959e-002
  1.1963580e-001 -2.0502452e-002
  1.1752612e-001 -7.2527781e-002
  1.0550994e-001 -1.3067250e-001
  8.2785942e-002 -1.9754240e-001
  4.9355347e-002 -2.7648211e-001
  7.8385491e-003 -3.6901185e-001
 -3.2978635e-002 -4.6611342e-001
 -5.5726841e-002 -5.3061002e-001
 -4.3623131e-002 -4.8315552e-001
 -8.9864191e-003 -2.2721925e-001
  0.0000000e+000  0.0000000e+000
  0.0000000e+000  0.0000000e+000
 -2.9848335e-002  1.3215844e-001
 -4.9305804e-002  2.1415102e-001
 -2.4528095e-002  2.1849379e-001
  2.1270037e-002  1.9673078e-001
  7.3890485e-002  1.6815090e-001
  1.2596823e-001  1.3736919e-001
  1.7285642e-001  1.0525531e-001
  2.1168768e-001  7.1908534e-002
  2.4073181e-001  3.7415110e-002
  2.5892094e-001  1.5651418e-003
  2.6556161e-001 -3.6185600e-002
  2.6008293e-001 -7.6949999e-002
  2.4183372e-001 -1.2275713e-001
  2.0999548e-001 -1.7699917e-001
  1.6394597e-001 -2.4454656e-001
  1.0498212e-001 -3.2973367e-001
  4.0300403e-002 -4.2789927e-001
 -1.3084298e-002 -5.0657851e-001
 -3.3054538e-002 -4.8551050e-001
 -1.2609576e-002 -2.4530092e-001
  0.0000000e+000  0.0000000e+000
  0.0000000e+000  0.0000000e+000
 -6.1749842e-002  1.9490711e-001
 -4.0662933e-002  2.0005038e-001
  6.0516406e-002  1.6116664e-001
  1.5986055e-001  1.2761442e-001
  2.4852705e-001  9.8885730e-002
  3.2343560e-001  7.3481843e-002
  3.8302490e-001  5.0020244e-002
  4.2727318e-001  2.7888751e-002
  4.5644644e-001  6.3544782e-003
  4.7104016e-001 -1.5123175e-002
  4.7163025e-001 -3.7348736e-002
  4.5853689e-001 -6.1640970e-002
  4.3153962e-001 -9.0193726e-002
  3.8960063e-001 -1.2661044e-001
  3.3082837e-001 -1.7637196e-001
  2.5358406e-001 -2.4582851e-001
  1.6003856e-001 -3.3580577e-001
  6.2104151e-002 -4.2498747e-001
 -1.2627686e-002 -4.4500819e-001
 -2.1775225e-002 -2.5962898e-001
  0.0000000e+000  0.0000000e+000
  0.0000000e+000  0.0000000e+000
  1.7480353e-001  2.0480025e-001
  3.4571382e-001  1.0343026e-001
  4.8984131e-001  5.4638073e-002
  5.9340739e-001  3.2459415e-002
  6.6786909e-001  1.9767605e-002
  7.2125947e-001  1.0979842e-002
  7.5746113e-001  3.9354204e-003
  7.7918696e-001 -1.7068187e-003
  7.8836155e-001 -6.7351586e-003
  7.8675228e-001 -1.1516790e-002
  7.7546561e-001 -1.6438633e-002
  7.5487858e-001 -2.2143675e-002
  7.2442973e-001 -2.9684156e-002
  6.8228376e-001 -4.0777329e-002
  6.2494576e-001 -5.8180086e-002
  5.4713142e-001 -8.5886702e-002
  4.4245765e-001 -1.2813656e-001
  3.0749390e-001 -1.8513153e-001
  1.5643419e-001 -2.3936479e-001
  3.5384651e-002 -2.2645588e-001
  0.0000000e+000  0.0000000e+000
  5.0000000e-001  0.0000000e+000
  1.0000000e+000  0.0000000e+000
  1.0000000e+000  0.0000000e+000
  1.0000000e+000  0.0000000e+000
  1.0000000e+000  0.0000000e+000
  1.0000000e+000  0.0000000e+000
  1.0000000e+000  0.0000000e+000
  1.0000000e+000  0.0000000e+000
  1.0000000e+000  0.0000000e+000
  1.0000000e+000  0.0000000e+000
  1.0000000e+000  0.0000000e+000
  1.0000000e+000  0.0000000e+000
  1.0000000e+000  0.0000000e+000
  1.0000000e+000  0.0000000e+000
  1.0000000e+000  0.0000000e+000
  1.0000000e+000  0.0000000e+000
  1.0000000e+000  0.0000000e+000
  1.0000000e+000  0.0000000e+000
  1.0000000e+000  0.0000000e+000
  1.0000000e+000  0.0000000e+000
  1.0000000e+000  0.0000000e+000
  5.0000000e-001  0.0000000e+000